	1	547	4989.130000000019
	2	548	6719.410000000011
	3	549	10095.530000000035
	4	550	9444.620000000032
	5	551	17223.81999999994
	6	552	6446.030000000017
	7	553	9884.280000000002
	8	554	9252.300000000017
	9	555	6699.4500000000135
	10	556	13823.650000000012
	11	557	10551.06000000003
	12	558	6985.780000000006
	13	559	9401.480000000018
	14	560	14763.69000000002
	15	561	8934.720000000012
	16	562	10301.01000000001
	17	563	9098.550000000017
	18	564	9300.74000000003
	19	565	2624.6100000000106
	20	566	7707.950000000006
	21	567	4696.170000000013
	22	568	3370.8200000000115
	23	569	12667.830000000034
	24	570	6010.920000000011
	25	571	5993.210000000014
	26	572	12936.830000000016
	27	573	7749.490000000014
	28	574	8700.360000000022
	29	575	14581.240000000016
	30	576	5416.970000000008
	31	577	7838.8600000000115
	32	578	7900.650000000011
	33	579	4727.450000000008
	34	580	6460.140000000003
	35	581	5145.610000000008
	36	582	6100.870000000012
	37	583	1148.8099999999972
	38	584	2228.4800000000023
	39	585	6737.86000000001
	40	586	1866.6599999999985
	41	587	8069.740000000007
	42	588	2120.7000000000035
	43	589	5257.640000000012
	44	590	7128.540000000008
	45	591	6238.190000000011
	46	592	6568.320000000009
	47	593	2892.1600000000108
	48	594	4978.070000000012
	49	595	3495.58000000001
	50	596	4758.0000000000055
	51	597	1577.299999999998
	52	598	2041.2799999999975
	53	599	4665.33000000002
	54	600	1259.8699999999976
	55	601	1778.4199999999978
	56	602	4297.130000000012
	57	603	1646.849999999999
	58	604	5962.500000000007
	59	605	5225.800000000014
	60	606	5148.460000000012
	61	607	5264.460000000008
	62	608	5472.500000000011
	63	609	3718.920000000009
	64	610	9104.310000000023
	65	611	3468.0900000000092
	66	612	6193.3500000000095
	67	613	3858.5900000000056
	68	614	6526.750000000024
	69	615	6270.570000000012
	70	616	4480.420000000015
	71	617	3979.9200000000083
	72	618	7296.660000000014
	73	619	7675.900000000014
	74	620	2642.7200000000093
	75	621	2685.2300000000114
	76	622	5958.850000000015
	77	623	7998.54000000001
	78	624	6831.440000000019
	79	625	3838.330000000008
	80	626	10315.78000000002
	81	627	8352.050000000014
	82	628	5765.210000000008
	83	629	4294.910000000009
	84	630	6438.080000000013
	85	631	13283.460000000021
	86	632	5293.370000000006
	87	633	5977.540000000012
	88	634	4579.160000000007
	89	635	2370.390000000005
	90	636	2212.5500000000065
	91	637	7079.220000000008
	92	638	1746.4999999999995
	93	639	4363.860000000004
	94	640	471.0199999999995
	95	641	2752.8100000000086
	96	642	587.4099999999992
	97	643	6304.830000000016
	98	644	8436.920000000013
	99	645	4527.160000000005
	100	646	3592.6300000000047
	101	647	3144.7100000000073
	102	648	3681.720000000005
	103	649	1743.1299999999987
	104	650	3100.180000000003
	105	651	983.6299999999997
	106	652	3859.9100000000053
	107	653	3630.9700000000084
	108	654	3769.100000000005
	109	655	3028.100000000004
	110	656	5660.6000000000095
	111	657	5463.480000000009
	112	658	3659.230000000005
	113	659	3784.730000000005
	114	660	2147.449999999997
	115	661	4043.610000000006
	116	662	2374.710000000006
	117	663	824.079999999999
	118	664	4286.0700000000015
	119	665	1278.8699999999994
	120	666	1507.3699999999985
	121	667	3785.820000000006
	122	668	1943.7299999999977
	123	669	4281.930000000006
	124	670	1800.8499999999985
	125	671	2224.150000000006
	126	672	507.2899999999993
	127	673	2137.8200000000043
	128	674	864.1499999999994
	129	675	3848.7500000000064
	130	676	2993.410000000006
	131	677	5005.800000000007
	132	678	3968.5000000000073
	133	679	5192.120000000008
	134	680	3356.650000000006
	135	681	5479.750000000015
	136	682	6391.22000000001
	137	683	2348.410000000006
	138	684	1466.5899999999979
	139	685	1631.5399999999986
	140	686	1097.2299999999987
	141	687	5293.440000000011
	142	688	5106.130000000005
	143	689	4074.2500000000055
	144	690	3079.5600000000095
	145	691	7191.340000000011
	146	692	6930.250000000004
	147	693	6262.200000000008
	148	694	6643.950000000006
	149	695	4165.680000000008
	150	696	1467.4999999999993
	151	697	1718.3299999999972
	152	698	2461.400000000005
	153	699	4432.800000000005
	154	700	5126.120000000006
	155	701	4469.100000000006
	156	702	4347.700000000006
	157	703	5850.400000000012
	158	704	6246.550000000008
	159	705	4582.570000000011
	160	706	5079.87000000001
	161	707	1761.7999999999993
	162	708	642.6999999999994
	163	709	417.9299999999994
	164	710	2482.8600000000033
	165	711	461.77999999999986
	166	712	2412.980000000004
	167	713	1155.6200000000003
	168	714	264.03999999999996
	169	715	559.0899999999993
	170	716	5259.080000000009
	171	717	1094.6899999999991
	172	718	3031.3300000000045
	173	719	605.1099999999994
	174	720	331.34000000000003
	175	721	1238.689999999999
	176	722	808.6199999999999
	177	723	420.7299999999997
	178	724	2566.030000000007
	179	725	1755.869999999998
	180	726	298.3900000000001
	181	727	646.9699999999989
	182	728	2277.0100000000066
	183	729	1200.8199999999988
	184	730	1465.929999999999
	185	731	949.579999999999
	186	732	465.5199999999999
	187	733	939.1599999999995
	188	734	3028.5100000000048
	189	735	3603.2400000000016
	190	736	4935.7300000000105
	191	737	3814.1600000000053
	192	738	1246.0699999999997
	193	739	153.89999999999998
	194	740	1290.23
	195	741	898.8999999999999
	196	742	726.6100000000001
	197	743	736.4399999999996
	198	744	2458.04
	199	745	2992.59
	200	746	2581.7000000000007
	201	747	1119.27
	202	748	1663.5299999999993
	203	749	1544.79
	204	750	1974.159999999999
	205	751	2040.2299999999987
	206	752	708.4000000000001
	207	753	2007.8499999999995
	208	754	1498.4399999999987
	209	755	4461.609999999999
	210	756	6121.120000000003
	211	757	2102.2800000000016
	212	758	502.1199999999999
	213	759	126.52000000000004
	214	760	1431.5499999999993
	215	761	206.37999999999994
	216	762	1295.5699999999988
	217	763	1746.8999999999992
	218	764	1363.2799999999993
	219	765	4045.680000000002
	220	766	4393.470000000001
	221	767	2514.0700000000024
	222	768	2874.9500000000025
	223	769	857.3200000000002
	224	770	1427.069999999998
	225	771	1073.8499999999995
	226	772	2127.050000000001
	227	773	1039.2599999999993
	228	774	2222.680000000002
	229	775	2353.000000000002
	230	776	3012.150000000005
	231	777	3206.5300000000016
	232	778	3918.540000000012
	233	779	4034.170000000009
	234	780	946.6499999999997
	235	781	242.09999999999997
	236	782	372.75999999999993
	237	783	818.47
	238	784	302.22000000000014
	239	785	536.3299999999999
	240	786	339.31999999999994
	241	787	1210.349999999999
	242	788	365.56000000000006
	243	789	617.4300000000001
	244	790	1914.5900000000001
	245	791	907.96
	246	792	1198.4499999999998
	247	793	1054.2499999999995
	248	794	377.99
	249	795	2428.9800000000005
	250	796	614.4599999999998
	251	797	284.22
	252	798	661.4299999999996
	253	799	1412.1399999999999
	254	800	931.1299999999999
	255	801	303.35999999999996
	256	802	488.35000000000025
	257	803	1509.2999999999995
	258	804	1721.65
	259	805	3051.7800000000016
	260	806	1552.7999999999988
	261	807	1279.6499999999992
	262	808	1412.7099999999996
	263	809	952.3499999999992
	264	810	343.11999999999955
	265	811	127.68000000000004
	266	812	136.32000000000008
	267	813	3204.0900000000047
	268	814	1973.3799999999992
	269	815	1385.0199999999995
	270	816	1044.269999999999
	271	817	470.36999999999966
	272	818	579.33
	273	819	1450.9599999999991
	274	820	198.0999999999999
	275	821	1335.3099999999981
	276	822	547.1499999999994
	277	823	1442.349999999999
	278	824	1129.7999999999995
	279	825	1357.679999999999
	280	826	677.3899999999994
	281	827	358.79999999999995
	282	828	200.74999999999983
	283	829	2015.679999999999
	284	830	463.5299999999999
	285	831	666.9799999999993
	286	832	302.77
	287	833	3515.180000000001
	288	834	5301.060000000002
	289	835	1088.3199999999997
	290	836	854.6799999999995
	291	837	816.0299999999991
	292	838	725.7799999999997
	293	839	623.7999999999992
	294	840	686.6499999999994
	295	841	841.9399999999998
	296	842	1250.2599999999993
	297	843	914.2699999999995
	298	844	503.6499999999994
	299	845	916.0999999999995
	300	846	408.63999999999976
	301	847	517.52
	302	848	245.97000000000014
	303	849	1596.83
	304	850	655.4299999999996
	305	851	1378.3899999999994
	306	852	212.45999999999992
	307	853	339.76999999999975
	308	854	334.2799999999999
	309	855	934.6399999999996
	310	856	101.96
	311	857	105.75
	312	858	517.3099999999997
	313	859	223.8200000000001
	314	860	498.8699999999998
	315	861	85.96000000000001
	316	862	747.1499999999999
	317	863	181.85
	318	864	1006.2899999999995
	319	865	993.2199999999996
	320	866	2892.8300000000045
	321	867	391.80999999999983
	322	868	563.9599999999998
	323	869	150.39
	324	870	202.41000000000003
	325	871	104.28000000000003
	326	872	123.60000000000002
	327	873	61.67999999999999
	328	874	565.55
	329	875	664.7099999999999
	330	876	240.89
	331	877	1431.8999999999999
	332	878	893.2599999999995
	333	879	81.21000000000002
	334	880	176.11999999999995
	335	881	572.1199999999995
	336	882	57.24999999999999
	337	883	72.06000000000004
	338	884	332.97999999999985
	339	885	108.84
	340	886	595.9900000000004
	341	887	90.25999999999999
	342	888	283.7000000000001
	343	889	134.72000000000003
	344	890	143.51
	345	891	559.0899999999999
	346	892	2350.050000000001
	347	893	336.22
	348	894	373.5300000000001
	349	895	147.2
	350	896	220.10999999999996
	351	897	1808.7899999999993
	352	898	635.1600000000001
	353	899	308.98999999999995
	354	900	244.46999999999997
	355	901	214.17000000000002
	356	902	13757.490000000016
	357	903	11567.120000000006
	358	904	4112.35
	359	905	5339.23
	360	906	4187.49
	361	907	951.47
	362	908	2617.38
	363	909	557.52
	364	910	512.1700000000001
	365	911	878.6700000000001
	366	912	187.5
	367	913	2492.6700000000055
	368	914	1177.9299999999998
	369	915	309.66999999999996
	370	916	606.6700000000001
	371	917	586.4899999999998
	372	918	637.1800000000002
	373	919	1254.5299999999997
	374	920	1520.75
	375	921	921.2500000000002
	376	922	5561.290000000003
	377	923	1661.0
	378	924	189.0
	379	925	1280.0
	380	926	484.0
	381	927	1903.0
	382	928	1555.0
	383	929	724.0
	384	930	0.0
	385	931	157.0
	386	932	22.0
	387	933	5837.0
	388	390	1511.6999999999998
	388	391	1635.0470871623943
	388	708	578.6229128376032
	388	802	257.3499999999999
	389	390	203.13999999999993
	389	801	125.52999999999999
	389	914	269.44000000000017
	390	388	1450.1400000000012
	390	389	131.7
	390	925	1413.0
	391	388	1564.131589453385
	391	392	2271.920000003157
	391	709	702.5785763950827
	391	715	1114.3770871592346
	392	391	1715.7899999999963
	392	393	2997.258398200257
	392	713	694.1341887997268
	392	717	613.3243126463817
	393	392	2134.8318278338593
	393	394	4497.432710855034
	393	712	2716.793912693653
	393	716	2756.60000785028
	394	393	3068.301264192383
	394	395	4038.742548082223
	394	584	440.7535087565185
	394	601	457.709992149706
	395	394	2533.4782983690925
	395	396	5305.428249331976
	395	584	1662.3117267551063
	395	600	2221.0735596206077
	396	395	2219.1218579786523
	396	397	5305.428249331976
	397	396	2219.1218579786523
	397	398	5972.495122022399
	397	588	1798.8161451886408
	397	604	3196.5030093036726
	398	397	4092.1895966959655
	398	399	6323.669059382578
	398	400	2732.982385684776
	398	403	6634.3598396610305
	399	398	3523.1361125587696
	399	537	5412.254445608329
	399	604	3939.8706444095556
	399	609	7538.8151434669935
	400	398	4730.315949863984
	400	401	1869.96238568473
	400	587	863.0199999999991
	400	609	0.0
	401	400	3819.4869716357102
	401	402	0.0
	401	585	3913.0076917641236
	401	590	5791.766654556038
	402	401	0.0
	403	398	5557.253696979164
	403	404	6512.08915080297
	403	606	1242.9833034549779
	403	611	1881.3659028992902
	404	403	5790.430426448987
	404	405	6919.54958989106
	404	675	2428.3700179963457
	404	680	6947.96850215809
	405	404	6858.926338976626
	405	406	1544.0828326068265
	405	488	5814.436673879948
	406	405	3436.8066814567637
	406	407	3141.4343965749235
	406	677	1481.7332994531469
	406	682	3434.690297352952
	407	406	3932.4230809850333
	407	408	4036.752424781637
	407	687	4360.066909181153
	407	692	7513.823515502391
	408	407	4866.521785231501
	408	409	2470.614052926277
	408	689	1390.8200000000024
	408	694	2762.7830060318815
	409	408	3707.8666743678423
	409	410	3171.2161279569045
	409	538	3886.8248352082214
	409	539	6207.407442759706
	410	409	5147.739007031733
	410	411	2068.3817445365157
	410	690	1923.936318326023
	410	700	2230.4749867513005
	411	410	3482.1501992117433
	411	412	2570.420437799189
	411	685	4101.773901231962
	411	695	5267.577836322085
	412	411	3546.2115233678
	412	413	2570.420437799189
	413	412	3546.2115233678
	413	414	2457.2956873535923
	413	730	2257.620578053818
	413	734	2707.258294254462
	414	413	3155.2637920594157
	414	415	466.0956873536169
	414	731	1881.222385078763
	414	735	2723.0538167467435
	415	414	1281.9221220889112
	415	416	741.0556873536156
	415	727	586.0301658484708
	415	733	1270.8853719353951
	416	415	1870.4729128376023
	416	417	676.0456873536167
	416	726	295.98841054606163
	416	732	100.5
	417	416	1393.8099999999995
	417	732	240.35
	417	913	606.74
	417	926	371.0
	418	419	3221.2617841787487
	418	921	1209.048043513296
	418	922	1221.6300000000006
	418	923	1517.0
	419	418	1693.6199999999994
	419	420	3929.687696381007
	419	739	361.2799999997276
	419	743	344.6099999999994
	420	419	1946.9999999999914
	420	421	4316.62381957925
	420	751	1218.7694969805725
	420	752	1561.1138768013889
	421	420	2167.307482388104
	421	422	5211.191066526478
	421	753	1995.8795276712542
	421	754	1018.712094810372
	422	421	2243.3031841140564
	422	423	6051.667145653785
	422	762	1255.7400000000007
	422	766	952.316408178192
	423	422	2846.501693468672
	423	424	5669.863483322525
	423	764	1599.2344303486464
	423	767	964.7292592042484
	424	423	2570.083483878554
	424	425	6279.321860168801
	424	773	1149.6033928486943
	424	777	934.3829177115708
	425	424	2997.7648692447533
	425	426	6102.748648159296
	425	775	1814.6748879043291
	425	779	2596.3733403200954
	426	425	3399.5170428011324
	426	427	4558.720984137388
	426	441	4158.86087532094
	427	426	3710.6128517051816
	427	428	2996.642836057592
	427	594	5031.017264713729
	427	779	2897.7315773789387
	428	427	2335.7393940927445
	428	429	1400.5846924150098
	428	431	5736.882836057616
	429	428	3180.6340447599473
	429	430	0.0
	429	593	1683.5806507044028
	429	778	1943.7446924150179
	430	429	0.0
	431	428	3295.930041747826
	431	432	5166.011365407478
	431	593	2089.9708303610887
	431	597	2014.650058667104
	432	431	4565.77087210898
	432	433	5136.955719029874
	432	595	2259.7316468887243
	432	599	3235.283378671935
	433	432	4272.7670037370835
	433	434	4980.6385359688675
	433	616	3127.66969214322
	433	617	1768.9047020979851
	434	433	4081.6902085908123
	434	435	4254.135542684282
	434	618	2666.9103698121776
	434	619	7141.335037456867
	435	434	4211.773051938797
	435	436	4923.362670136466
	435	552	4592.977605786582
	435	554	3589.891057595912
	436	435	4965.770852390483
	436	437	5617.0720893308635
	436	496	10725.179871031049
	437	436	5801.817200894443
	437	438	5480.004763704082
	437	554	4138.648202852378
	437	556	2065.8253615926274
	438	437	5292.222833587655
	438	439	3571.872541879892
	438	535	4544.729024373228
	438	536	5130.353948270538
	438	540	4638.337674422792
	439	438	4964.560816467922
	439	440	4021.2240888773877
	439	614	5265.405057719936
	439	615	6015.784297357602
	440	439	5254.310795759597
	440	441	3668.0246539177515
	440	612	2124.9446271009615
	440	613	2137.097570147607
	441	426	2303.737402394979
	441	440	5128.732147771766
	441	591	4991.464447808353
	441	596	7477.035731795278
	442	443	693.8498878784279
	442	898	95.66
	442	899	287.08530821699213
	442	929	653.0
	443	442	562.5997605116611
	443	444	1048.2518803948
	443	897	813.9552872603524
	443	898	306.11
	444	443	928.2024758721401
	444	445	1048.2518803948
	445	444	928.2024758721401
	445	446	1304.4402510823381
	445	885	118.28188039834806
	445	886	407.3799999964516
	446	445	865.5199999999967
	446	447	1679.860251082335
	446	858	633.9700000000005
	446	859	92.27000000000002
	447	446	981.4699999999954
	447	448	1975.6402510823216
	447	848	362.59999999999764
	447	849	573.0399999999969
	448	447	1008.2999999999945
	448	449	3215.3678628741413
	448	664	2062.3599999999933
	448	665	1280.7910756806348
	449	448	2024.7199999991003
	449	450	2881.0349587708943
	449	662	558.7960945301252
	449	663	1441.6915097205062
	450	449	1525.6033450250693
	450	451	3082.99851033416
	450	453	2021.0303625558295
	450	508	2245.665055748581
	451	450	1697.4298163734215
	451	452	4047.2075754887214
	451	654	1641.0491299517287
	451	655	1893.7100000016203
	452	451	2320.2599999952736
	452	525	4573.01986357234
	452	652	4117.32902443649
	452	654	3237.858276243752
	453	450	2796.932498519349
	453	454	1737.6599999952546
	453	650	461.9503625596897
	453	841	441.84000000089367
	454	453	2396.977575488842
	454	455	2378.129999998758
	454	838	499.1019326471123
	454	840	752.8029028281791
	455	454	2465.0635623760463
	455	456	2571.5282959498713
	455	833	1103.821507167138
	455	835	284.0199999999997
	456	455	2816.0514263403093
	456	457	2186.579999995227
	456	834	2080.9984928363974
	456	836	1138.3857210074584
	457	456	2747.868602155738
	457	458	1654.4399999999675
	457	829	562.7520267822882
	457	831	1209.7706588425997
	458	457	2450.044982005835
	458	459	2132.9799999999987
	458	467	1739.679999999984
	458	468	2796.3403977240346
	459	458	2941.5574065169676
	459	460	1997.0099999999957
	459	832	276.8299999999964
	459	845	21.47
	460	459	2759.3274065169726
	460	461	1840.26999999999
	460	872	343.570558331569
	460	875	504.9399999999999
	461	460	2205.180558331537
	461	462	1742.0099999999984
	461	874	711.9994416684323
	461	877	465.96
	462	461	2052.9999999999955
	462	873	13.37
	462	876	180.01000000000008
	462	927	1569.0
	463	464	1555.0
	463	928	1728.0
	464	463	1728.0
	464	465	1595.4099999999999
	464	883	86.92000000000004
	464	884	28.75000000000001
	465	464	1746.309999999999
	465	466	1901.6299999999978
	465	862	213.35000000000005
	465	881	355.00999999999993
	466	465	1848.029999999997
	466	467	2170.9299999999776
	466	855	354.7299999999999
	466	862	344.40999999999985
	467	458	2370.8379732129483
	467	466	1574.7499999999943
	467	845	518.7799999999999
	467	855	335.5399999999999
	468	458	2152.20999999998
	468	469	2756.750397724037
	468	829	413.9099999999999
	468	830	266.44999999999976
	469	468	2034.9600000047053
	469	470	3085.8769837521904
	469	819	1794.2334139735194
	469	824	595.3392598732449
	470	469	2235.610975069147
	470	471	3242.7069837521503
	470	817	474.0999999999946
	470	822	293.47999999999973
	471	470	2167.1700000047113
	471	472	3872.285476588575
	471	815	971.8133746726745
	471	816	1512.4146034866544
	472	471	2412.6800000047015
	472	473	5860.6482386080925
	472	813	1012.5280289487744
	472	815	1916.4883690958015
	473	472	2654.850000004695
	473	474	2410.0714081015954
	473	475	4887.242424520723
	473	707	889.2853002326763
	473	813	675.6699999999985
	474	473	1217.1736112651297
	474	538	4014.8822075352396
	474	701	963.769999999997
	474	706	3743.63143359589
	475	473	2483.52032290341
	475	476	4887.242424511104
	475	706	1426.1956632586102
	475	707	632.0058081107047
	476	475	2529.0756632633434
	476	477	4629.522424511381
	476	705	2322.5465782896836
	476	707	872.131329019198
	477	476	2627.8053554617672
	477	478	6714.217454753504
	477	503	4832.051231828568
	477	504	4486.026300251714
	478	477	5038.19510756892
	478	479	7688.995685299311
	478	633	5173.934794297251
	478	703	3660.008465441386
	479	478	5512.614881697294
	479	480	7127.805347819351
	479	629	2916.851470474834
	479	693	3877.412783902984
	480	479	6123.85901272749
	480	481	3802.659417211531
	480	483	5495.686626440898
	480	484	5158.296106303631
	480	486	5995.789012763473
	481	480	3474.1725996714526
	481	482	0.0
	481	483	3319.47099526582
	481	691	5805.520914221462
	482	481	0.0
	483	480	5372.580314350682
	483	481	2622.1270103424677
	483	539	3506.1242440663673
	483	693	8016.498383105532
	484	480	4958.353983330936
	484	485	4828.084232456296
	484	627	6278.963362971355
	484	629	1270.5195560797272
	485	484	4555.156160592056
	485	489	5513.048803695937
	485	626	7041.970535153211
	485	628	4277.179560352465
	486	480	5643.377930274674
	486	535	9368.894474995954
	486	627	7083.564649419713
	486	691	3715.191621311826
	487	488	4316.899657445114
	487	535	5353.278179866072
	487	681	3630.3693800025367
	487	682	2740.5171972779403
	488	405	3861.0895741155746
	488	487	5745.639097776282
	488	680	2822.719137393169
	488	682	2464.7109262974896
	489	485	5347.287919364682
	489	490	6574.5762458991985
	489	630	3077.2438354308
	489	631	1600.5461127042652
	490	489	5813.311754795488
	490	491	7338.568092001526
	490	557	3226.389999999643
	490	631	2493.94652978726
	491	490	5438.104981813634
	491	492	6504.579024033297
	491	558	4777.1889063740855
	491	559	6951.141992606879
	492	491	5647.934684232029
	492	493	4590.192258766762
	492	561	6150.381664571861
	492	562	9392.879666917783
	493	492	4156.193303455199
	493	494	6371.753027255429
	493	497	6211.545576097541
	493	562	8348.463109469496
	493	564	15158.859421590743
	494	493	6969.917044545633
	494	495	8524.3890527227
	494	561	5431.583887435945
	494	563	10470.464065744234
	495	494	9899.013683759145
	495	496	8728.545921190953
	495	551	3810.3792500338777
	495	560	5423.150205921108
	496	436	10582.842941721225
	496	495	9813.748782041574
	496	553	4807.128088868781
	496	556	5159.392405560816
	497	493	8485.388410574778
	497	498	6211.545576097541
	498	497	8485.388410574778
	498	499	3270.4658797259017
	498	533	5431.669525513427
	499	498	3256.120344197025
	499	500	4494.257921444483
	499	567	12455.326405565804
	499	569	6945.307724296453
	500	499	5248.301315150094
	500	501	4310.308642417595
	500	566	5189.628897715938
	500	570	4432.38707854188
	501	500	5609.758866595923
	501	502	3504.300149181647
	501	571	3836.473218401748
	501	636	5732.083386296587
	502	501	5099.904099176269
	502	503	3924.2557222959754
	502	632	1965.9382904580514
	502	634	1264.5940243570408
	503	477	3295.975722295981
	503	502	5251.832385249543
	503	504	2854.7195560797463
	503	633	6132.666283346456
	504	477	5696.40708791926
	504	503	6552.447436767459
	504	505	4777.3934256071125
	504	635	4868.820591387712
	505	504	7316.895508587878
	505	506	5207.968286247658
	505	634	5216.214172158474
	505	639	2250.425139359463
	506	505	6832.596653759225
	506	507	3397.8287301678934
	506	639	1514.9203078016149
	506	644	3987.99641061672
	507	506	4365.91696155647
	507	508	3330.9467491691685
	507	578	262.9820532615954
	507	646	1647.7853404674624
	508	450	1499.8999999999915
	508	507	4223.856354320874
	508	509	4706.18581432393
	509	508	4853.330363726963
	509	510	4730.306749165861
	509	659	3073.971664878251
	509	667	1090.1099999999985
	510	509	4825.812963450506
	510	511	4991.246749169989
	510	658	3414.102026303881
	510	666	706.9339237347363
	511	510	4176.357660713177
	511	512	4863.892018129748
	511	521	2629.0272099028402
	511	522	2698.5167520835757
	512	511	4972.985685442349
	512	513	4781.732018129759
	512	661	1725.7956844514972
	512	670	125.71999999999998
	513	512	5006.444937667382
	513	514	4061.1354641843554
	513	902	2772.302357717261
	513	905	1243.0480628796638
	514	513	4424.970377711325
	514	515	3079.945464184353
	514	903	2070.529999999997
	514	905	693.6599999999996
	515	514	3108.1180812454377
	515	516	475.14000000000027
	515	534	2668.349315049524
	515	544	604.8553283668502
	515	932	25.0
	516	515	332.15999999999985
	516	517	769.9500000000005
	516	903	2839.2800000000016
	516	906	1723.9699999999993
	517	516	1018.2900000000003
	517	518	162.26999999999998
	517	908	872.6499999999996
	517	909	135.93
	518	517	389.28000000000003
	518	911	177.56
	518	912	68.97
	518	930	0.0
	519	520	0.0
	519	521	1871.7268433502668
	519	668	2210.6570599930988
	519	670	550.6173022518788
	520	519	0.0
	521	511	3555.7012062169815
	521	519	1521.3717623975886
	521	666	1087.5560762652624
	521	670	615.7819371203339
	522	511	847.8599999999985
	522	523	2698.5167520835757
	523	522	847.8599999999985
	523	530	5701.9084450499
	523	545	3692.8627487319354
	524	525	3111.1066235410417
	524	545	3956.496469181802
	524	578	2184.7640852587715
	524	647	2377.403376454261
	525	452	3131.9699999952804
	525	524	4332.631469540473
	525	652	2364.212337566422
	525	657	2915.226623545751
	526	527	2656.2312445051875
	526	528	4991.5462892264895
	526	541	2434.428085069637
	526	546	986.0594404452804
	527	526	2920.9281771604865
	527	542	690.955413342328
	527	543	2967.335271608164
	527	546	2100.2914591107906
	528	526	3647.570000000007
	528	529	3133.1815512016633
	528	573	3161.9100000000008
	528	575	4051.019768291314
	529	528	3465.8703444884477
	529	530	2710.782748731689
	529	531	9012.409632492358
	530	523	3045.712748731683
	530	529	5879.2280812906965
	530	575	4730.188618270502
	530	577	2880.930000000005
	531	529	6176.653093220171
	531	532	7903.206114288416
	531	573	943.4816988740031
	531	574	3292.48005285496
	532	531	5575.27011610329
	532	533	6948.677885591233
	532	569	5017.460965756432
	532	574	3032.2154467986684
	533	498	7719.857895519701
	533	532	5448.156548391854
	533	568	3676.078848722801
	533	569	538.01
	534	515	2795.129542965053
	534	543	3107.2196362669715
	534	933	5468.0
	535	438	5897.087620270379
	535	486	9105.698825551257
	535	487	4264.115233413638
	536	438	6182.450471857165
	536	537	4006.662698037005
	536	615	1882.6400268330635
	537	399	3274.5815775336196
	537	536	5240.57949789726
	537	608	2685.0300000000034
	537	610	7957.711443043994
	538	409	6521.986332981043
	538	474	2485.0525276979392
	538	699	5786.756700328976
	538	704	5110.110983933018
	539	409	2832.9756873535894
	539	483	5639.355311937742
	539	694	6640.761069829738
	539	704	1827.5771494030807
	540	438	653.4123502346172
	540	583	7136.810000000009
	540	622	1835.8107298157615
	541	526	2399.47542297531
	541	582	2037.4324029045881
	541	902	1486.6662013189516
	542	527	1594.1171298331344
	542	902	6144.739986017397
	542	903	4197.239264207538
	543	527	3443.102506438144
	543	534	2864.999864182495
	543	903	108.33540742564415
	544	515	652.2277175124098
	544	903	2234.2522824875946
	544	904	2020.0499999999993
	545	523	4498.40169296654
	545	524	2539.0199999952924
	545	577	3133.704776215562
	545	580	3325.732748736388
	546	526	2100.2914591107906
	546	527	986.0594404452804
	547	1	3529.1500000000115
	547	548	2045.760204767543
	547	549	4032.7720340576057
	547	621	3841.6482402268725
	548	2	4984.040000000015
	548	547	1596.9950040716524
	548	550	4900.65422787897
	548	552	2312.2700000000013
	548	618	4441.783343751126
	549	3	7826.030000000017
	549	547	3377.5506083227942
	549	550	2853.4073046055464
	549	551	8803.27224622995
	550	4	7976.310000000009
	550	548	4057.110975655214
	550	549	3221.8772083763242
	550	551	5784.294525941017
	550	552	1611.897427957846
	550	553	2828.710988064171
	550	560	2809.68574959995
	551	5	15357.140000000014
	551	495	3419.6842504000515
	551	549	5510.080916724393
	551	550	3975.679429054544
	551	563	20032.32085508027
	552	6	6888.670000000011
	552	435	4286.959695187672
	552	548	1724.8999999999983
	552	550	1651.4425889646498
	552	553	6228.350026846734
	552	618	3964.696795143557
	552	619	4332.805917818297
	553	7	8530.260000000006
	553	496	4890.652494231877
	553	550	2732.516878202627
	553	552	6481.359189357017
	553	560	6507.2848498121
	554	8	7431.62000000001
	554	435	3811.1382951953365
	554	437	4176.038511314638
	554	614	3127.5199999994593
	554	619	2543.2808981753687
	554	622	1977.5938184021934
	554	625	5203.972313449099
	555	9	6540.090000000013
	555	556	3853.017856889279
	555	622	4094.419269670491
	555	624	6770.422307770828
	555	625	6088.706519571999
	556	10	10542.220000000016
	556	437	2400.96209481038
	556	496	6018.733931738674
	556	555	5461.2398839930365
	556	557	6172.078452592434
	556	560	4652.435123647438
	556	624	951.9819131546164
	557	11	8250.220000000001
	557	490	2869.153302769096
	557	556	6399.155302143344
	557	558	5394.02932015182
	557	559	4819.61827999378
	557	624	1585.4154159921732
	557	630	4695.068452592427
	558	12	6462.530000000012
	558	491	4772.005578377745
	558	557	4173.540000000014
	558	560	4382.782261628956
	558	561	5989.545579390467
	559	13	10388.030000000035
	559	491	5912.506550216613
	559	557	3527.177510802546
	559	562	6917.233688537852
	559	566	3447.836697230923
	559	631	2433.9579292710196
	560	14	12641.260000000028
	560	495	6103.266975740838
	560	550	2731.5664468881796
	560	553	5393.604307823942
	560	556	4011.2927111469708
	560	558	4427.8419896407
	560	561	9035.294748791663
	561	15	9689.570000000022
	561	492	7490.586261008518
	561	494	8360.70742652807
	561	558	4195.563203230561
	561	560	5805.098989422696
	562	16	22380.619999999966
	562	492	7630.029685991426
	562	493	8672.389835389098
	562	559	1062.8189477714307
	562	563	368.7146372912314
	562	567	7250.049666917861
	563	17	22236.619999999966
	563	494	6764.8799129059225
	563	551	12673.139429054581
	563	562	221.70689053057222
	563	564	17823.12466945779
	564	18	17801.09999999997
	564	493	11528.926888592086
	564	563	19749.421343832768
	564	565	11682.020551529731
	565	19	5082.510000000013
	565	564	18478.744692906235
	565	568	7366.788916989957
	565	569	2861.2816345398237
	566	20	7120.370000000012
	566	500	3538.103323429829
	566	559	5637.7916462214125
	566	567	3107.2741579436884
	566	631	1390.2242391549632
	567	21	4959.0500000000175
	567	499	7716.083040718938
	567	562	12183.32941790536
	567	566	2650.3577718030356
	568	22	4832.920000000016
	568	533	4245.240593795415
	568	565	14235.311146240057
	568	574	5693.971894111471
	569	23	15381.260000000013
	569	499	10916.162159908665
	569	532	3159.329014510062
	569	533	756.5152877343157
	569	565	5247.3835466660385
	569	570	1886.7338903760033
	569	572	2493.079618689082
	569	573	2035.1183011259923
	570	24	6881.590000000018
	570	500	5538.505822355284
	570	569	4228.157793571113
	570	571	1149.009999999999
	570	572	1847.597078541824
	571	25	6682.740000000007
	571	501	5244.536646499593
	571	570	2320.861027196597
	571	572	3829.947988549961
	571	631	1994.0702899416258
	571	632	2181.165461018574
	571	634	987.5295062543668
	571	637	2548.3804025286227
	572	26	12527.550000000014
	572	569	3497.960691291257
	572	570	4993.958698353745
	572	571	5051.044759984478
	572	573	4337.638532078925
	572	576	3414.0700000000043
	572	637	1969.0252400155334
	573	27	6312.420000000015
	573	528	2298.444685780861
	573	531	2183.276534650954
	573	569	6119.5730095552
	573	572	5503.216109623991
	573	577	2330.779999999994
	574	28	10392.150000000023
	574	531	1544.864675990852
	574	532	4062.9327370592437
	574	568	14593.755868434373
	574	575	5491.582664914591
	575	29	13164.210000000032
	575	528	3237.819999997171
	575	530	3215.8600000000115
	575	574	15366.25855263384
	575	580	1372.0199999999993
	575	581	3466.0576951838975
	576	30	4471.180000000013
	576	572	6735.988531080658
	576	577	1382.7199999999975
	576	578	1376.6899999999998
	576	637	1987.4753075849796
	576	643	2004.487978504475
	577	31	4484.930000000009
	577	530	4907.508254511293
	577	545	2341.4900000000043
	577	573	6520.071807532107
	577	576	1903.3399999999988
	577	578	3214.2199999999975
	578	32	5029.56000000001
	578	507	388.30999999999966
	578	524	1500.1199999999988
	578	576	2092.8918351669463
	578	577	5804.565285827849
	578	579	974.3366839692403
	578	580	1589.2728721104902
	578	643	6708.5681648374075
	578	645	1314.63
	579	33	3358.860000000005
	579	578	1402.1796855449722
	579	580	3656.6657438092543
	579	582	1464.842617022755
	579	647	2887.4380850653242
	579	656	1494.8271278895086
	580	34	4917.440000000008
	580	545	3506.0100000000048
	580	575	3567.776686446916
	580	578	1516.1703144593473
	580	579	1904.810443920271
	580	581	686.4690573623247
	580	582	2233.6751769266075
	581	35	4029.960000000008
	581	575	7400.418509891649
	581	580	198.04000000000002
	581	582	1842.4376951838778
	582	36	6027.780000000008
	582	541	1481.3868862694235
	582	579	1366.0780850653211
	582	580	1730.4803144593475
	582	581	4172.719452529313
	582	660	2119.58667079154
	583	37	7136.810000000009
	583	540	1148.8099999999972
	584	38	2425.380000000002
	584	394	437.2829658232597
	584	395	2526.490721860299
	584	586	2541.617560567283
	584	588	2488.3654795858415
	584	605	738.4700000000003
	584	710	670.4964753786943
	584	712	767.1230484540223
	584	768	395.54999999999893
	584	808	184.4419487262129
	585	39	4548.000000000009
	585	401	6375.002095314954
	585	586	923.2087008456374
	585	587	3765.19948321073
	585	771	1690.7485036266492
	586	40	1047.4399999999987
	586	584	1232.3830147884196
	586	585	2396.9663407388193
	586	588	2542.590628498702
	586	772	1642.612856729673
	587	41	11211.120000000017
	587	400	910.8289782282287
	587	585	1263.0164946761377
	587	588	438.3099999999997
	587	592	4885.851073277591
	587	604	3193.159735958426
	588	42	1350.809999999999
	588	397	3032.710087387817
	588	584	968.7382010776164
	588	586	773.9965611302305
	588	587	3262.5274036775536
	589	43	6471.880000000016
	589	590	2736.95614044462
	589	591	4675.391502391917
	589	594	1835.2252302453976
	589	775	1010.9273400199395
	590	44	6938.150000000011
	590	401	5279.296836956165
	590	589	4175.026732638863
	590	592	6148.003691294084
	590	776	1650.8379870286856
	591	45	5349.170000000015
	591	441	6126.214283235501
	591	589	3505.4826501034736
	591	592	2548.582613542201
	591	608	2829.1191841627215
	591	613	5215.319913501052
	592	46	6643.030000000008
	592	587	2833.1500000003257
	592	590	2597.228193142615
	592	591	5183.752478268986
	592	608	4246.818862653871
	592	609	2177.5873599166835
	593	47	5051.920000000011
	593	429	543.16
	593	431	1443.7785880170125
	593	594	2075.2708303644804
	593	595	2835.614475542378
	594	48	6847.960000000008
	594	427	2201.705868452252
	594	589	1535.1049209378657
	594	593	3330.1380072613283
	594	596	2698.950761281987
	595	49	3737.49000000001
	595	432	2719.825883166093
	595	593	1953.8944055970844
	595	596	3058.43584102212
	595	612	885.358570653617
	595	617	1990.559843841222
	596	50	5346.460000000012
	596	441	5947.869917296136
	596	594	2694.2762326097945
	596	595	3503.112133532241
	596	612	3122.741948245119
	596	613	473.8161969493526
	597	51	934.0999999999992
	597	431	820.1299999999987
	597	599	2214.540058667083
	597	778	0.0
	598	52	2590.05000000001
	598	599	1524.849999999999
	598	616	1007.4300000000003
	598	620	2273.9079958298817
	599	53	3683.050000000012
	599	432	3039.137364388739
	599	597	376.8199999999998
	599	598	2864.1848041482767
	599	616	1934.6730273592405
	599	617	1395.9308755304132
	600	54	668.9099999999996
	600	395	2937.936706155794
	600	601	772.2369135859749
	600	602	3484.289679732498
	600	605	2461.865969721543
	601	55	1209.8399999999992
	601	394	537.3133381333174
	601	600	1183.3866618666816
	601	603	1017.6674771502286
	601	716	1061.0988618777192
	602	56	2219.890000000003
	602	600	4288.862927596673
	602	603	1803.1184337092955
	602	607	1854.4981915983885
	602	671	2957.6243324371535
	603	57	1436.869999999998
	603	601	587.4788192283542
	603	602	2018.638742786014
	603	672	1818.2959535088935
	603	718	795.0011381222791
	604	58	9931.42000000001
	604	397	756.6082010776196
	604	399	6961.140891438663
	604	587	3108.6493952517662
	604	605	1572.1664403792704
	604	606	2313.176696545018
	605	59	3733.020000000007
	605	584	790.41256225643
	605	600	1372.0461201117573
	605	604	4376.789473324802
	605	607	943.8503202675139
	606	60	3521.2000000000025
	606	403	2120.7017880266258
	606	604	3974.3387616958144
	606	607	2105.331798922374
	606	675	3149.4129775571614
	607	61	3311.4900000000034
	607	602	1494.3385984590968
	607	605	1217.8160658596667
	607	606	3999.8353262019828
	607	676	538.1403202675136
	608	62	3584.99000000001
	608	537	5338.011275159939
	608	591	2556.4002160756686
	608	592	2442.7800000000043
	608	609	3190.6148176888732
	608	613	3799.854078422317
	609	63	5998.590000000007
	609	399	3854.6848176887934
	609	400	0.0
	609	592	1088.02951586863
	609	608	4225.066707004072
	609	611	2865.3396486160973
	610	64	16119.510000000017
	610	537	4400.974099669607
	610	611	2559.983776898566
	610	615	6229.00304939725
	610	679	5357.696255526381
	611	65	3350.4400000000032
	611	403	648.1999999997608
	611	609	1405.7733681051038
	611	610	5944.300825266147
	611	680	3640.3724919824526
	612	66	4453.030000000013
	612	440	1974.0630375605174
	612	595	753.0941742307498
	612	596	2661.4809239243964
	612	614	4409.932750695239
	612	617	4856.6396652616695
	613	67	4951.150000000012
	613	440	2060.3583727162636
	613	591	1928.69
	613	596	434.37317060889893
	613	608	1454.1156335261564
	613	615	7647.675641691338
	614	68	6256.200000000008
	614	439	5081.647191959625
	614	554	3187.4077935743694
	614	612	3009.3786761293113
	614	619	3417.2008066270323
	614	622	3202.813055394508
	615	69	9818.280000000002
	615	439	6359.143730823695
	615	536	1700.8197505594355
	615	610	6532.1984798860085
	615	613	2991.6850595222795
	615	622	4511.450793211895
	616	70	3972.08000000001
	616	433	4003.28625175864
	616	598	975.783191681621
	616	599	678.5599999999997
	616	618	4793.139997033908
	616	620	1799.9986011111964
	617	71	5049.6400000000085
	617	433	928.0477545678264
	617	595	1498.432114085981
	617	599	975.2326340876298
	617	612	3772.466729543558
	617	619	6814.8916863974455
	618	72	9363.15000000002
	618	434	3549.544274623457
	618	548	3688.5613952789977
	618	552	3667.719484265779
	618	616	4081.3974813850273
	618	621	870.3882697164605
	619	73	12063.87000000001
	619	434	5402.115296013015
	619	552	3965.5713165936995
	619	554	2228.2029932761725
	619	614	3218.8989086408887
	619	617	5046.755831951222
	620	74	3697.970000000012
	620	598	1514.9899999999989
	620	616	1591.2578406978957
	620	621	2650.5265969411084
	621	75	1766.4499999999975
	621	547	3485.6548666575777
	621	618	2057.5703995289796
	621	620	2738.1178406978966
	622	76	8948.250000000018
	622	540	3838.8854056276396
	622	554	1362.8562873074907
	622	555	3083.7075464611034
	622	614	1606.140806629299
	622	615	3867.904798724117
	622	623	3665.065554099329
	622	625	749.48
	623	77	10913.160000000007
	623	622	3738.0736952199954
	623	624	2322.069999999998
	623	627	2924.1472058456834
	623	681	3675.1399999999876
	624	78	9450.820000000014
	624	555	6621.3762294912685
	624	556	887.3177626035706
	624	557	1351.92
	624	623	2766.388089510014
	624	626	4591.041547407601
	625	79	4084.470000000011
	625	554	4511.857501929779
	625	555	5480.882293957177
	625	622	1803.2790371341378
	626	80	10350.770000000015
	626	485	5520.218858115718
	626	624	7207.533992094839
	626	627	6133.469571863525
	626	630	5918.209212563092
	627	81	10419.290000000015
	627	484	3975.883317375683
	627	486	5455.4103654418195
	627	623	4580.355390637148
	627	626	6341.255716645546
	628	82	6617.240000000003
	628	485	5691.764049857007
	628	629	3029.7479969821316
	628	631	2875.256059742643
	628	632	1991.3278545191363
	629	83	4164.950000000008
	629	479	3316.2224464230653
	629	484	3646.585550566886
	629	628	3726.313056273188
	629	633	1838.049556079725
	630	84	5615.880000000012
	630	489	2662.0735549074916
	630	557	5010.494110248014
	630	626	6840.153835430812
	631	85	10973.410000000022
	631	489	2611.2199999999975
	631	490	3990.381846102029
	631	559	4753.891509465451
	631	566	1797.9900000000016
	631	571	1543.553476035446
	631	628	2258.534214647419
	631	636	3989.058801560419
	632	86	5541.660000000009
	632	502	1684.5495974713633
	632	571	2006.4372697556857
	632	628	4178.099129827821
	632	633	3606.8323690438897
	632	636	2424.4709635101126
	633	87	5830.610000000004
	633	478	3758.63236904387
	633	503	2226.4395560797575
	633	629	5180.0915858062235
	633	632	5733.249491837497
	634	88	4497.950000000008
	634	502	1814.0100043847997
	634	505	2680.9999999999964
	634	571	2138.092257283535
	634	635	3388.9944807405395
	634	637	3272.8927429301134
	635	89	2145.619999999998
	635	504	7237.427176762191
	635	634	2729.320000000026
	635	640	594.6424307243042
	635	705	3548.8494742309267
	636	90	2206.7200000000107
	636	501	4027.866232382531
	636	631	5846.578687208948
	636	632	2276.9982317756494
	637	91	8261.770000000011
	637	571	4071.4103405283568
	637	572	2444.5885952383987
	637	576	1716.5011239631888
	637	634	3016.1217825690887
	637	644	2359.4020214955235
	638	92	1230.9199999999978
	638	640	1182.921259991589
	638	642	1725.7192459667097
	638	707	2713.555520013011
	638	815	972.2226324354317
	638	825	640.3297606595381
	638	826	362.7618761612444
	639	93	4488.750000000009
	639	505	5700.513026987139
	639	506	1729.546854541284
	639	640	704.0934584472448
	639	641	1004.0951393594604
	640	94	357.1499999999993
	640	635	1227.770670753279
	640	638	557.9403078015811
	640	639	1485.13378798716
	640	642	566.8724307243035
	641	95	2498.610000000007
	641	639	4012.6592441868966
	641	642	1779.6994817897862
	641	646	2795.2295699194974
	641	648	410.56513935258783
	642	96	468.32999999999913
	642	638	1558.408905979233
	642	640	1242.190048103184
	642	641	2627.8646648772524
	642	649	642.633223826629
	643	97	7196.600000000019
	643	576	3414.7688580399886
	643	578	4083.3295560798842
	643	644	4962.6000000043205
	644	98	6973.45000000001
	644	506	4429.9099999999835
	644	637	5012.800170735339
	644	643	4639.4122707823235
	644	646	2707.510000000003
	645	99	4583.230000000007
	645	578	3461.2691473073314
	645	646	4569.599397585432
	645	647	2800.558062265671
	645	652	2508.300000000001
	646	100	4107.960000000006
	646	507	1597.63601996594
	646	641	4516.037728917309
	646	644	4016.1640094011045
	646	645	3310.5594976566213
	646	653	1438.2499999999973
	647	101	2787.210000000008
	647	524	3257.999084900121
	647	579	2954.7183608320256
	647	645	2719.675747498903
	647	657	2777.9433764542637
	648	102	2676.8300000000054
	648	641	595.9559020947603
	648	649	1304.8909884700818
	648	650	942.1774130776371
	648	653	3137.095643901049
	649	103	1692.0199999999982
	649	642	1879.725684305482
	649	648	956.0818122065617
	649	651	654.6317237562482
	649	825	895.9969005208005
	650	104	2159.550000000001
	650	453	464.473528647811
	650	648	1760.542995984385
	650	651	1019.7631094367731
	650	655	1628.3656081858612
	651	105	868.6199999999994
	651	649	1246.6306726201296
	651	650	1220.7378291755763
	651	827	538.4902530871933
	651	842	450.49999999999176
	652	106	3338.870000000004
	652	452	2426.14827624375
	652	525	1765.3800000000094
	652	645	6050.931362002929
	652	653	1993.909999999999
	653	107	2602.5600000000077
	653	646	3673.852947968566
	653	648	1848.0399999999931
	653	652	2725.4882762437474
	653	655	850.0925869223638
	654	108	3288.060000000004
	654	451	1159.6000000016231
	654	452	4643.1413125200925
	654	659	2547.230934845257
	654	662	2302.5664713502338
	655	109	2867.1300000000037
	655	451	2716.538011484437
	655	650	1307.6496374419326
	655	653	1499.808167233607
	655	663	649.7301836238009
	656	110	4214.930000000008
	656	579	2337.4196855449704
	656	657	2940.9674002764946
	656	658	1911.8000000033421
	656	660	2916.777127889511
	657	111	5151.9200000000055
	657	525	3294.5339435345686
	657	647	3287.4370459000666
	657	656	2541.0000000033424
	657	659	1560.889999996658
	658	112	3575.400000000007
	658	510	3093.693923737281
	658	656	1905.6396967423689
	658	659	1863.7600000016503
	658	661	3683.0137766619223
	659	113	5118.23
	659	509	2186.47999999666
	659	654	2129.920000001627
	659	657	1738.1635891581238
	659	658	1657.7890105653973
	660	114	1529.229999999999
	660	582	3218.7735170770784
	660	656	2719.8273890790942
	660	661	1221.6699999999996
	660	902	3898.4537986810487
	661	115	4279.300000000003
	661	512	1434.2764322264736
	661	658	3478.5863602706
	661	660	1306.8422584818409
	661	902	2685.6847660965273
	662	116	2162.4699999999993
	662	449	694.8699999999994
	662	654	3162.6713125200813
	662	664	1605.4699999999993
	662	667	720.9125658803604
	663	117	533.2699999999995
	663	449	1470.4013551214516
	663	655	1640.5878046739176
	663	665	288.06999999999914
	663	841	572.2189243184694
	664	118	3764.940000000004
	664	448	1940.8186874800633
	664	662	2320.661312520081
	664	669	3413.640000000014
	664	849	622.2299999999998
	665	119	1072.539999999999
	665	448	1625.6399999931768
	665	663	525.6300000068208
	665	843	902.501075680636
	665	849	240.8299999999996
	666	120	1520.719999999998
	666	510	1937.7373290427995
	666	521	1094.2877997842754
	666	667	1262.242370198066
	666	668	226.25762980193394
	667	121	3103.350000000006
	667	509	2029.239999999923
	667	662	789.6599999999996
	667	666	1379.3121242683087
	667	669	1525.5423701980658
	668	122	1856.2299999999982
	668	519	2422.3441456021546
	668	666	1360.07300455877
	668	669	2273.347629801934
	668	850	636.5132914510501
	669	123	4567.930000000006
	669	664	3203.9200000001556
	669	667	1968.0195583878783
	669	668	2372.250441612061
	669	851	419.30999999999995
	670	124	1015.1399999999992
	670	512	301.62000000000023
	670	519	689.2852975955115
	670	521	1185.3691289627773
	670	854	23.599999999999998
	670	902	493.59059370292897
	670	905	688.0186456692835
	671	125	1002.1599999999992
	671	602	1829.5968643638364
	671	672	1096.7099999999928
	671	673	3339.5196484613357
	671	676	2645.9866991483837
	672	126	205.68999999999988
	672	603	1291.030000000565
	672	671	1708.0721279697539
	672	674	1526.2474825713473
	672	722	681.8100000000001
	673	127	1194.4799999999977
	673	671	2444.6967515665788
	673	674	1444.2099999999978
	673	678	3656.611647888848
	673	683	2082.9046527047285
	674	128	1630.489999999998
	674	672	951.7146920369227
	674	673	2023.4971173882288
	674	684	849.8286362731437
	674	724	983.9100000055653
	675	129	3856.690000000005
	675	404	6425.270196117072
	675	606	2166.529999999986
	675	676	1600.27111134463
	675	677	2965.808906651738
	676	130	1881.3299999999986
	676	607	393.47999999999996
	676	671	579.4299999999939
	676	675	4407.874992400786
	676	678	2419.0772692934365
	677	131	3640.970000000004
	677	406	3884.648122019885
	677	675	3180.1622261590874
	677	678	1779.206103929849
	677	687	2575.8314303095194
	678	132	4008.2300000000014
	678	673	1851.9199999999946
	678	676	1903.3841309337447
	678	677	3753.0717784885255
	678	688	3739.4904656649983
	679	133	8660.260000000013
	679	610	5128.646433295656
	679	680	902.0300000009304
	679	681	3980.1142000156306
	680	134	5132.290000000008
	680	404	2290.0328505978378
	680	488	2395.913350193845
	680	611	4214.307356939485
	680	679	3637.196573803442
	681	135	7191.489999999998
	681	487	2868.3299999976307
	681	623	4562.2418668191485
	681	679	4484.037803982417
	681	691	5401.756223101426
	682	136	8331.82000000001
	682	406	2133.5106392259936
	682	487	3162.9800834040525
	682	488	2366.9090540636744
	682	692	2356.977484349453
	683	137	1883.7899999999995
	683	673	1470.1462863106044
	683	684	966.376939234679
	683	685	3335.6795906418756
	683	688	2806.515657371158
	684	138	1328.5599999999981
	684	674	1050.23980275641
	684	683	1892.5537516618535
	684	728	1445.9922865243836
	685	139	1252.1299999999978
	685	411	4173.347591040123
	685	683	2879.931821251992
	685	686	1073.6530607653215
	685	690	2778.403653391229
	686	140	1420.0499999999997
	686	685	1119.5908825147196
	686	730	580.9230607653196
	687	141	4271.850000000006
	687	407	8527.224199947954
	687	677	1854.4038978249534
	687	688	3066.416466399508
	687	689	1989.7207454519685
	688	142	6332.3800000000065
	688	678	3432.7013539751224
	688	683	1258.7082479398246
	688	687	4663.162099516225
	688	690	1282.9498042788653
	689	143	3553.450000000009
	689	408	2325.0596398687862
	689	687	2817.1148706174486
	689	690	1899.3299999999995
	689	699	1440.2107454519796
	690	144	1795.1899999999987
	690	410	1928.5680522186879
	690	685	1968.8817520601747
	690	688	2251.348916274319
	690	689	3020.1910554429323
	691	145	6322.930000000008
	691	481	6174.378081604735
	691	486	5254.130472245647
	691	681	7742.482313882464
	691	692	4167.591876420246
	692	146	5256.900000000011
	692	407	3307.885548695804
	692	682	3321.058840114772
	692	691	7547.703985518405
	692	694	4110.944396771631
	693	147	14124.520000000019
	693	479	2305.607339444632
	693	483	5062.817018220559
	693	694	2591.7089301702604
	693	703	876.8299999999984
	694	148	12195.820000000007
	694	408	1421.060105171459
	694	539	2100.805910048056
	694	692	2575.849894828542
	694	693	4456.61149275543
	695	149	5243.010000000011
	695	411	5633.9815156204095
	695	696	1378.3199022591725
	695	697	1175.6199999998485
	695	700	3788.8757235022563
	696	150	1294.2699999999982
	696	695	3421.971381304948
	696	698	1086.989999999998
	696	734	1034.1499022591665
	697	151	1757.3699999999963
	697	695	2788.8666133766874
	697	698	1804.2735690895252
	697	702	2115.4787181607276
	697	809	1267.9181113607497
	698	152	2694.5300000000107
	698	696	2645.415232193255
	698	697	2348.613946095409
	698	736	1892.4400000000041
	698	810	173.20999999999904
	699	153	5519.350000000011
	699	538	8958.834661510427
	699	689	1560.1834550433334
	699	700	2688.8932452856134
	699	701	1650.0900000000374
	700	154	7374.850000000011
	700	410	2788.5976772582317
	700	695	1575.7113103780134
	700	699	4306.94988354979
	700	702	797.1700000000001
	701	155	2368.180000000001
	701	474	2240.1811126216135
	701	699	4410.634032508651
	701	702	1866.7800000000016
	701	813	587.9202577350605
	702	156	2397.0300000000007
	702	697	2453.015486094268
	702	700	3008.914915646854
	702	701	2569.9862297092327
	702	814	689.0399999999995
	703	157	6184.310000000016
	703	478	5575.669347112222
	703	693	2348.760628071498
	703	704	2970.4148261058995
	703	705	1444.391636820779
	704	158	5014.390000000014
	704	538	3043.364840687145
	704	539	5126.331621650053
	704	703	5491.678460865008
	704	706	720.6274723017826
	705	159	5064.400000000014
	705	476	773.4016368207803
	705	635	4399.883338835938
	705	703	2644.629511804026
	705	706	2683.466540716568
	706	160	3016.660000000009
	706	474	2804.1522039751308
	706	475	923.8161309997768
	706	704	3241.7394360619855
	706	705	3667.423338835922
	707	161	2185.880000000002
	707	473	540.9600000000003
	707	475	1088.8300000000004
	707	476	2064.826578289907
	707	638	988.2813790857203
	708	162	470.52999999999963
	708	388	177.91841054661325
	708	709	390.6199999999993
	708	714	467.62291283760214
	708	913	177.6
	709	163	263.06000000000006
	709	391	1814.229999999976
	709	708	203.9899999999999
	709	711	354.0585763950842
	709	713	440.00000000000006
	709	803	394.23999999999967
	710	164	1458.1699999999992
	710	584	1156.6914249639372
	710	712	2304.6613330512546
	710	806	1387.5418701516035
	711	165	244.89
	711	709	457.9200000000001
	711	713	1135.2345121563822
	711	807	1051.616181122188
	712	166	3517.3200000000024
	712	393	2716.421896692766
	712	584	1439.7081014934274
	712	710	792.0423952728898
	712	713	548.5900895395979
	713	167	1205.569999999999
	713	392	904.446996968858
	713	709	118.17999999999998
	713	711	648.1076047271061
	713	712	812.5241887997305
	713	716	718.4699999999999
	714	168	166.3200000000001
	714	708	104.08841054661343
	714	715	283.14
	714	720	483.1329128376027
	714	913	162.49431264638284
	715	169	224.31999999999994
	715	391	487.9401658484713
	715	714	156.33431264638276
	715	717	654.9299999999987
	715	719	204.5499999999999
	715	721	1262.4770871592345
	716	170	5208.6300000000065
	716	393	3323.676900147551
	716	601	1413.460614063911
	716	713	433.72000000000014
	716	717	567.2557328143282
	716	718	2046.7725228497673
	717	171	762.8299999999986
	717	392	709.308074840453
	717	715	249.0743126463827
	717	716	1186.705642933562
	717	719	755.2262822260124
	718	172	2923.350000000002
	718	603	897.6187427854376
	718	716	2011.5612572139496
	718	719	576.3242671856713
	718	722	1712.7093937863845
	719	173	422.22999999999956
	719	715	57.62999999999998
	719	717	732.9442671857037
	719	718	700.2700497841603
	719	723	1156.6362822260162
	720	174	204.97000000000008
	720	714	77.29841054661344
	720	721	692.129999999448
	720	726	483.55291283760175
	720	913	264.75
	721	175	522.8199999999993
	721	715	727.2401658484683
	721	720	247.1699999999998
	721	723	386.9099999994484
	721	725	1203.119999999996
	721	727	1052.7070871592396
	722	176	484.09999999999934
	722	672	1038.838964995864
	722	718	1548.1899502152378
	722	723	197.77999999999972
	722	724	1060.1567110165784
	723	177	218.13999999999993
	723	719	928.5000497841928
	723	721	170.14999999999998
	723	722	326.2562324413021
	723	725	1216.429999999997
	724	178	3374.670000000003
	724	674	1554.5931603760791
	724	722	799.669999999997
	724	725	730.0699999999997
	724	728	2346.192647606892
	725	179	1894.0399999999972
	725	721	252.16999999999996
	725	723	697.4200000000319
	725	724	1906.3659365847707
	725	729	948.3540634152109
	726	180	202.87999999999997
	726	416	619.1629128376018
	726	720	161.9584105460617
	726	727	460.32000000000005
	726	913	203.10999999999999
	727	181	557.1899999999993
	727	415	532.3836372583019
	727	721	524.3501658484705
	727	726	150.54000000000005
	727	729	547.4499999999998
	727	731	882.6267589086601
	728	182	2480.960000000008
	728	684	2434.5502654348224
	728	724	2288.73316037612
	728	729	495.7499999999999
	728	730	2209.3815956333788
	729	183	947.0799999999995
	729	725	792.860000000032
	729	727	216.09330900771923
	729	728	1698.4864484939576
	729	731	1133.0566909922784
	730	184	1285.9099999999985
	730	413	2339.1753472952523
	730	686	949.6808825147261
	730	728	2141.69363881908
	730	731	109.32000000000002
	731	185	826.7199999999993
	731	414	1989.5388157243503
	731	727	232.42000000000007
	731	729	1595.2023850787632
	731	730	311.9246341765573
	732	186	352.86
	732	416	188.97841054606153
	732	417	206.48999999999995
	732	733	214.82999999999998
	732	864	235.38000000000005
	733	187	672.4599999999996
	733	415	1010.9411097768674
	733	732	110.94
	733	735	599.1798829155581
	733	737	1665.1074609753618
	733	865	533.7379109600382
	734	188	3358.4800000000087
	734	413	2903.5265058758296
	734	696	1346.1461491117018
	734	735	1049.4200000000008
	734	736	2365.1061223750207
	735	189	3444.780000000008
	735	414	2496.879056071611
	735	733	319.6400000000008
	735	734	1779.9294289167142
	735	737	1818.1005686175629
	736	190	3635.9900000000066
	736	698	3217.4816054946364
	736	734	2472.8311519322074
	736	737	1551.7800000000002
	736	866	1093.7580110138501
	737	191	4862.570000000003
	737	733	674.9473263833127
	737	735	1884.4353539435626
	737	736	1455.52464605643
	737	866	1844.6780295929268
	738	192	555.7600000000001
	738	740	664.2599999999989
	738	742	440.03999999999985
	738	746	745.8200000000002
	738	784	840.8159379397905
	738	920	93.89
	739	193	73.05999999999997
	739	419	804.929999999998
	739	740	727.9759379397926
	739	741	872.2580435132975
	739	921	229.81000000000006
	740	194	1210.7700000000002
	740	738	465.9259379397921
	740	739	1265.9799999999968
	740	742	437.9899999999999
	740	920	179.17000000000004
	741	195	414.0699999999999
	741	739	148.32
	741	742	332.61245204414183
	741	743	427.977985407525
	741	747	1327.2876060619142
	742	196	603.4300000000001
	742	738	196.38000000000005
	742	740	236.48
	742	741	355.1842620259292
	742	748	1282.9024520441453
	743	197	517.34
	743	419	356.00591220199374
	743	741	243.3800000002936
	743	744	351.2499999999999
	743	745	304.33999999999986
	743	751	1754.587717096805
	743	752	509.97970037710303
	743	921	140.22000000000003
	743	922	575.1499999999999
	744	198	1574.5199999999995
	744	743	652.1999999999996
	744	745	2356.736448731472
	744	922	1586.3400000000001
	745	199	1844.7499999999995
	745	743	411.1816206921903
	745	744	1365.1599999999999
	745	755	3516.2848280392745
	746	200	1625.2899999999995
	746	738	131.45000000000005
	746	748	991.9499999999962
	746	750	939.9998067289885
	746	757	2507.9709398142627
	746	792	979.3299999999995
	747	201	718.5700000000002
	747	741	280.5457379740707
	747	748	1074.7546817759387
	747	749	1441.1009096934993
	747	752	1460.7720145924736
	748	202	926.1799999999998
	748	742	737.1242620259281
	748	746	1366.350000000266
	748	747	1619.715737974067
	748	750	604.2071338198195
	749	203	1205.599999999999
	749	747	300.1300000000001
	749	750	517.0020948104686
	749	754	1546.9798067269603
	749	758	2851.802866181725
	750	204	1150.8599999999997
	750	746	670.0098117730649
	750	748	240.4399999999999
	750	749	1302.349806728988
	750	759	1072.5094168572236
	751	205	2325.4700000000003
	751	420	699.1499999996198
	751	743	301.04999999999984
	751	753	3312.608308348514
	751	755	1185.0953075849882
	752	206	362.04999999999995
	752	420	2247.362014592475
	752	743	286.7299999999999
	752	747	609.339999999999
	752	754	1511.3235771784912
	753	207	2413.040000000002
	753	421	2214.0533609759023
	753	751	835.1678251968909
	753	756	2782.6214341636555
	753	762	3495.4970124106794
	754	208	734.2299999999998
	754	421	1619.1098067269618
	754	749	1641.7540512966762
	754	752	776.5400000000002
	754	763	1212.3016206921873
	755	209	3175.8100000000004
	755	745	1483.7100000000005
	755	751	1974.6185766588608
	755	756	4276.896251380391
	756	210	6372.970000000001
	756	753	2965.101796727359
	756	755	1748.0446924150112
	756	766	4525.590107098001
	757	211	1711.12
	757	746	726.897905189625
	757	759	763.6599999979695
	757	761	2608.0984315170076
	757	768	1756.856770925828
	757	800	1322.4904431153643
	758	212	447.05999999999995
	758	749	491.520000000002
	758	759	514.8128661800831
	758	760	1791.85251365183
	758	763	1764.8698793961098
	759	213	77.19000000000003
	759	750	400.7999999999988
	759	757	759.852283037304
	759	758	502.899999997971
	759	761	888.8999999999992
	760	214	814.8900000000001
	760	758	764.3254407589344
	760	761	598.5534128600901
	760	765	3349.2204659572844
	760	769	1261.6334861229798
	761	215	97.78
	761	757	761.9846761076059
	761	759	152.14000000000004
	761	760	2039.0926972173465
	761	770	1862.2139986545774
	762	216	2824.1399999999994
	762	422	1281.278196232157
	762	753	1458.9400000000019
	762	763	2177.1887789197176
	762	764	653.5432694844645
	763	217	1430.4599999999994
	763	754	408.4799999999997
	763	758	388.9669522893883
	763	762	1907.9432322256632
	763	765	3858.234653734011
	764	218	1992.9999999999995
	764	423	1712.7723273885597
	764	762	440.34000000000066
	764	765	333.17000000000104
	764	773	2360.6592770948273
	765	219	3930.4400000000032
	765	760	703.2199466940579
	765	763	1092.8245592410651
	765	764	2372.0727006261477
	765	774	5128.855648147185
	766	220	2946.76
	766	422	1164.0557817186962
	766	756	2431.0689106963086
	766	767	4841.832224202875
	767	221	2356.1400000000012
	767	423	745.805909423217
	767	766	1512.3404013416957
	767	777	5379.565573983909
	768	222	2652.5700000000006
	768	584	2812.872105926472
	768	757	632.6304431149332
	768	770	822.8110516389713
	768	772	1659.5937796413073
	768	808	1171.522556384907
	769	223	739.05
	769	760	822.9076481360036
	769	770	827.3197629159854
	769	771	1777.6635221494532
	769	774	660.4229944340077
	770	224	1264.0600000000004
	770	761	611.279527602472
	770	768	264.11322908201737
	770	769	1098.0706425700146
	770	772	2829.881584127551
	771	225	1102.1799999999994
	771	585	2991.308255818857
	771	769	688.6299999999992
	771	772	1250.7273134427935
	771	776	2517.6130861564393
	772	226	1656.1400000000003
	772	586	2756.510018212428
	772	768	905.2729995000063
	772	770	1127.9901701724793
	772	771	3063.9523460563564
	773	227	1283.1699999999992
	773	424	1543.8412945578204
	773	764	851.8112040241181
	773	774	1732.0451832585798
	773	775	2566.72590942168
	774	228	1967.159999999999
	774	765	1641.1077350171354
	774	769	921.7097989424582
	774	773	2637.6409213186835
	774	776	3668.6499298025287
	775	229	2806.6600000000035
	775	425	2419.8001283107214
	775	589	2257.1259094216907
	775	773	790.4299999999996
	775	776	1834.4822279242783
	776	230	2347.2300000000005
	776	590	5936.824259774539
	776	771	944.2442835856444
	776	774	1092.264559241066
	776	775	2363.170128310697
	777	231	2627.2800000000034
	777	424	721.9220074825112
	777	767	1673.2204013416945
	777	778	3781.7921769158243
	777	779	3264.904307297177
	778	232	3500.520000000004
	778	429	4864.214695464368
	778	597	0.0
	778	777	1574.174692415009
	778	779	933.1853045356432
	779	233	4571.120000000003
	779	425	1412.9227143480207
	779	427	5539.8382831730805
	779	777	974.4657089266835
	779	778	1228.0178230841816
	780	234	598.5800000000002
	780	781	459.7099999999998
	780	785	285.9
	780	914	554.0800000000007
	780	916	123.13999999999999
	781	235	113.28000000000002
	781	780	437.80999999999995
	781	782	244.78000000000014
	781	786	479.14999999972656
	781	917	78.58000000000001
	782	236	367.91999999999996
	782	781	208.69999999972768
	782	783	447.8225080476667
	782	787	521.3850025458894
	782	917	132.64000000000007
	782	918	17.41
	783	237	995.8299999999998
	783	782	322.1975105932841
	783	784	413.87320957183425
	783	788	739.27
	783	789	637.0549974541088
	783	918	49.47000000000001
	783	919	368.61000000000007
	784	238	153.29
	784	738	1007.0400000000002
	784	783	509.35593793979217
	784	792	317.60000000000014
	784	919	156.26
	785	239	539.2600000000001
	785	780	96.26999999999998
	785	786	188.1248074421738
	785	793	373.1251925578258
	785	914	304.46
	786	240	188.0900000000001
	786	781	197.5700000000001
	786	785	350.47000000000014
	786	787	262.4000000000002
	786	794	514.8248074419012
	787	241	652.9299999999998
	787	782	133.53999999999996
	787	786	261.9200000000001
	787	789	242.8374919523342
	787	791	309.8699999999996
	787	795	1251.7444099459224
	788	242	268.80000000000007
	788	783	370.2500000000002
	788	789	158.45999999999998
	788	790	541.6500000000032
	788	792	608.6457755898291
	789	243	330.82000000000005
	789	783	513.6699999999994
	789	787	393.31689935237125
	789	788	300.0957755898334
	789	791	575.1898144642375
	790	244	1887.17
	790	788	225.18000000000015
	790	791	517.9830010649976
	790	792	618.3500000020299
	790	796	1685.396998932984
	791	245	689.8699999999999
	791	787	245.3100000000001
	791	789	457.3099999999998
	791	790	286.0299999999999
	791	797	1272.5728155292309
	792	246	496.4399999999997
	792	746	1085.213029580252
	792	784	151.57000000000005
	792	788	317.6999999999997
	792	790	1338.5399999999986
	792	800	441.1727460116045
	793	247	1030.86
	793	785	157.42000000000002
	793	794	586.3651925578263
	793	801	384.8399999999998
	793	914	627.2400000000001
	794	248	174.64
	794	786	244.84000000000006
	794	793	543.5899999999998
	794	795	826.89
	794	802	361.1999999997273
	795	249	2781.8900000000012
	795	787	220.08000000000007
	795	794	613.9499999999996
	795	797	449.15999999999985
	795	799	1596.8000000000002
	795	803	1195.879999999987
	796	250	885.7699999999998
	796	790	853.2700000000004
	796	797	698.291185763631
	796	798	867.0288640319372
	796	800	539.8724626601283
	797	251	150.85999999999996
	797	791	640.0899999999993
	797	795	850.2968791666159
	797	796	714.0512905195266
	797	799	938.1828977160789
	798	252	510.7800000000001
	798	796	396.86249077570375
	798	799	822.6858131716431
	798	800	942.1799999999995
	798	804	1296.7117617481729
	799	253	1296.67
	799	795	956.6687108874469
	799	797	589.2370661093594
	799	798	926.3529338906399
	799	805	3083.1600000002527
	800	254	536.26
	800	757	2124.4052086717247
	800	792	108.26000000000008
	800	796	433.461732227491
	800	798	957.2987108878802
	800	808	25.089999999999954
	801	255	169.62
	801	389	137.74
	801	793	242.47000000000003
	801	802	442.0099999999999
	801	913	145.58999999999997
	802	256	354.32
	802	388	790.5299999999966
	802	794	58.030000000000015
	802	801	220.5700000000001
	802	803	346.87
	803	257	1176.6099999999997
	803	709	1382.3499999999863
	803	795	543.1799999999998
	803	802	221.4100000002728
	803	805	428.4034522701209
	803	807	359.2765477298789
	804	258	1587.2800000000007
	804	798	557.1095568850641
	804	805	1544.0938188778052
	804	806	1300.3900000001638
	804	808	2539.3907018617315
	805	259	2817.7000000000016
	805	799	2082.2799999999997
	805	803	417.9500000002723
	805	804	2578.2189401137293
	805	807	1233.9145121563788
	806	260	932.7900000000002
	806	710	2361.6657575152144
	806	804	934.1018701515967
	806	807	295.66
	806	808	1092.6737897146693
	807	261	813.6299999999998
	807	711	1425.714512156378
	807	803	246.99000000000007
	807	805	1022.6261811221904
	807	806	711.1565477298781
	808	262	757.19
	808	584	442.8675543777202
	808	768	3555.2569371986956
	808	800	7.93
	808	804	997.5815056112734
	808	806	665.0029994998443
	809	263	360.56999999999965
	809	697	2038.327579798111
	809	810	374.4964309104778
	809	811	512.0699999999988
	809	814	1495.4097117140852
	810	264	252.88
	810	698	1184.0640037044907
	810	809	553.7616003533356
	810	812	147.78999999999945
	810	866	281.6099999999997
	811	265	133.04
	811	809	1230.3794968028028
	811	812	826.9499999983734
	811	816	902.9033746725937
	811	817	415.65999999999997
	812	266	117.57999999999996
	812	810	513.2699999999995
	812	811	849.6133746725949
	812	818	194.63000000000005
	812	866	543.739999998375
	813	267	1845.3899999999974
	813	472	1847.5014090127004
	813	473	1414.8169600831418
	813	701	1820.7491731560458
	813	814	1202.8180289487827
	814	268	906.6399999999996
	814	702	1990.8579132896164
	814	809	776.464513905752
	814	813	2651.067284516844
	814	816	399.42999999999995
	815	269	1216.6499999999983
	815	471	734.9946034866606
	815	472	2827.7077510513327
	815	638	1567.5297547823436
	815	821	1033.9519889861454
	816	270	714.8899999999998
	816	471	2133.301867508991
	816	811	713.5726324373475
	816	814	1363.811971049305
	816	822	805.0599999999988
	817	271	351.20999999999987
	817	470	591.4009750644633
	817	811	1305.9968643638251
	817	818	360.3899999999998
	817	819	447.83902493553705
	818	272	581.38
	818	812	320.30999999999995
	818	817	355.83999999999895
	818	820	25.419999999999998
	818	869	47.399999999999984
	819	273	1218.8799999999999
	819	469	1727.178284808769
	819	817	1340.8668643638346
	819	820	563.1785763967124
	819	829	1170.2713170209747
	820	274	64.88000000000001
	820	818	61.60999999999997
	820	819	660.8305768942172
	820	830	59.11000000000001
	820	869	589.7185763967119
	821	275	1063.449999999999
	821	815	2135.2897221025664
	821	822	809.7099999999941
	821	823	1270.811988986141
	821	826	395.02999999999935
	822	276	317.0299999999998
	822	470	401.44999999999555
	822	816	1871.6184928363914
	822	821	520.7800000000004
	822	824	644.4999999999997
	823	277	1110.349999999999
	823	821	2115.0928732420575
	823	824	1013.3563780315667
	823	828	1279.5398827809443
	823	833	1418.723621970048
	824	278	998.4799999999996
	824	469	790.8700000016165
	824	822	1299.9784928363938
	824	823	1159.1892598732413
	824	834	940.2663780299508
	825	279	584.3399999999995
	825	638	1134.7962298705236
	825	649	1141.1712358722555
	825	826	722.1199999999953
	825	827	177.99812383875738
	826	280	258.9
	826	638	1274.9737177081688
	826	821	669.1568488604889
	826	825	409.0286753154001
	826	828	571.7918761612426
	827	281	165.08000000000007
	827	651	682.3518480606612
	827	825	457.39025308578584
	827	828	742.1799999980681
	827	837	611.5078396057065
	828	282	73.88000000000005
	828	823	1269.4920202660264
	828	826	1026.5492418840638
	828	827	543.2910404515449
	828	838	313.1334092536974
	829	283	1505.1299999999997
	829	457	438.5742789925424
	829	468	315.11999999527177
	829	819	1666.5120267870157
	829	834	1311.6970380284286
	830	284	339.97999999999985
	830	468	442.8999999999991
	830	820	88.84999999999998
	830	832	56.03000000000001
	830	872	30.56000000000001
	831	285	827.0899999999998
	831	457	1099.632026787017
	831	836	638.6206588425944
	831	845	394.63999999999976
	832	286	202.57
	832	459	314.20999999999884
	832	830	67.76999999999998
	832	872	112.4499999999974
	833	287	3088.229999999999
	833	455	772.993643199342
	833	823	1795.219486899182
	833	834	1498.7936219700478
	833	838	811.9563568006575
	834	288	5003.670000000002
	834	456	2065.237038028417
	834	824	1805.7884928363933
	834	829	1074.4200000000005
	834	833	1183.6999999999998
	835	289	1098.4399999999987
	835	455	457.258295954633
	835	836	595.8917040453654
	835	840	469.6087222524987
	835	846	84.28
	836	290	1482.019999999999
	836	456	837.3817040453646
	836	831	492.0000000000003
	836	835	572.4463798500568
	836	846	104.72000000000003
	837	291	448.41999999999973
	837	827	1039.9305233727264
	837	838	803.6000000000025
	837	839	52.668123838756664
	837	842	1109.8220425040795
	838	292	485.36999999999995
	838	454	646.3669159409294
	838	828	432.08395291507003
	838	833	745.7679797320474
	838	837	843.9828501134167
	839	293	370.4699999999999
	839	837	127.25000000000003
	839	840	609.6899999999999
	839	844	664.2978162723286
	839	847	68.47812383875664
	840	294	505.40999999999997
	840	454	1177.9219326506463
	840	835	554.6099999999992
	840	839	447.8099999999994
	840	847	128.0618761612436
	841	295	670.6299999999994
	841	453	555.9013943827044
	841	663	1063.4163907627133
	841	842	947.8116387024272
	841	843	185.15320646259235
	842	296	780.3099999999994
	842	651	984.6020736292074
	842	837	1055.6699999964449
	842	841	1278.5709916080136
	842	844	498.80679353829794
	843	297	640.7199999999996
	843	665	1133.8700000000013
	843	841	288.34271438306115
	843	844	608.548361297569
	843	848	55.66999999999999
	844	298	473.6499999999998
	844	839	587.6800000000001
	844	842	839.5661775654563
	844	843	604.9967935374075
	844	848	217.34999999999988
	845	299	813.2399999999998
	845	459	30.349999999999998
	845	467	366.8979732129812
	845	831	591.2320267870172
	845	846	97.70999999999998
	845	875	257.65
	846	300	223.0200000000001
	846	835	206.0823424024407
	846	836	260.98999999999927
	846	845	103.54000000000006
	846	847	122.3800000000001
	846	856	95.35000000000008
	847	301	268.43000000000006
	847	839	128.22781627233053
	847	840	295.06218373121703
	847	846	103.6400000000001
	847	848	194.48000000000005
	847	857	63.179999999999964
	848	302	104.40000000000008
	848	447	392.09999999999883
	848	843	120.23000000000003
	848	844	447.939999994671
	848	847	123.18000000000004
	848	858	103.04000000000013
	849	303	1473.5099999999995
	849	447	812.4899999999903
	849	664	904.47
	849	665	385.5399999999999
	849	851	108.10000000000004
	849	853	303.85999999999945
	849	859	51.77999999999999
	850	304	333.09000000000003
	850	668	1795.6129400068137
	850	851	274.22999999999973
	850	852	90.01999999999992
	850	854	491.56329145105065
	851	305	737.7999999999998
	851	669	1036.970000000078
	851	849	163.61
	851	850	435.16999999999985
	851	853	122.57999999999998
	852	306	89.16000000000001
	852	850	289.5400000000001
	852	853	348.05999999999995
	852	854	287.3299999999997
	852	860	64.99999999999994
	853	307	147.41000000000003
	853	849	606.1499999999961
	853	851	316.10000000007864
	853	852	305.97999999999934
	853	860	170.45000000000005
	854	308	125.16
	854	670	93.47000000000003
	854	850	967.8629400068199
	854	852	292.70000000000005
	854	861	2.5599999999999996
	854	905	624.8032914510501
	854	907	269.76999999999947
	855	309	797.9099999999996
	855	466	617.6899999999999
	855	467	522.3999999999992
	855	856	261.40259348300606
	855	878	190.47999999999996
	856	310	32.36
	856	846	212.37234240244084
	856	855	598.6000000000008
	856	857	185.54999999999978
	856	863	106.51000000000015
	857	311	41.709999999999994
	857	847	93.40000000354783
	857	856	510.0900000000005
	857	858	208.74
	857	885	87.16999999999996
	858	312	341.7499999999999
	858	446	509.2200000000005
	858	848	214.81999999467536
	858	857	499.0400000000004
	858	886	103.32000000000002
	859	313	121.49
	859	446	476.4900000000001
	859	849	237.05999999999995
	859	860	87.06000000000003
	859	887	15.999999999999991
	860	314	330.0800000000001
	860	852	177.92999999999984
	860	853	431.82000000007736
	860	859	455.23
	860	861	213.5699999999998
	860	888	45.18000000000001
	861	315	33.66
	861	854	11.969999999999995
	861	860	600.9600000000787
	861	888	30.43
	861	907	276.6700000000001
	861	910	65.91
	862	316	485.9399999999998
	862	465	238.49999999999991
	862	466	624.0299999999954
	862	863	232.1999999999997
	862	889	93.75000000000009
	863	317	62.88
	863	856	166.58974891943527
	863	862	195.94000000000017
	863	885	227.45025108056362
	863	890	210.27665144199676
	864	318	685.6699999999995
	864	732	281.2284105460614
	864	865	775.5000000000002
	864	867	183.26999999999987
	864	913	0.0
	865	319	618.3099999999997
	865	733	1172.9036663091074
	865	864	422.5700000000001
	865	866	671.3337751083599
	865	868	154.53330900771942
	866	320	2478.3100000000013
	866	736	1323.0400000092384
	866	737	1873.0073263833092
	866	810	1016.0091731473545
	866	812	787.4633746725971
	866	865	521.6612500117687
	866	868	310.8666909922896
	866	869	690.7005768942087
	867	321	219.77999999999992
	867	864	261.42841054606146
	867	868	376.15000000055136
	867	870	104.43000000000004
	868	322	417.8099999999999
	868	865	215.53158945338686
	868	866	684.3594416689823
	868	867	203.14999999999992
	868	869	164.56999999999988
	868	871	174.84000000000867
	869	323	54.06999999999997
	869	818	134.3900000000002
	869	820	560.6005768942169
	869	866	988.7491347282739
	869	868	109.73000000000013
	869	872	241.28999999999124
	870	324	82.38000000000002
	870	867	183.55841054661312
	870	871	162.47999999999996
	871	325	46.93
	871	868	345.0210311218174
	871	870	121.57841054661347
	871	872	85.35999999999997
	871	874	305.74000000000865
	872	326	50.320000000000014
	872	460	230.06999999999124
	872	830	101.45999999999997
	872	832	61.37000000000001
	872	869	446.0505583315653
	872	871	47.55999999999997
	873	327	28.83
	873	462	30.929999999999986
	873	874	30.750000000000046
	874	328	819.6699999999997
	874	461	342.1200000000089
	874	871	415.4694416684304
	874	873	15.459999999999999
	874	875	389.6600000000002
	875	329	499.17999999999955
	875	460	1015.8474065169927
	875	845	202.55000000000004
	875	874	368.3399999999998
	875	878	238.97000000000003
	876	330	649.5400000000001
	876	462	139.44000000000005
	876	877	129.91999999999996
	876	879	20.259999999999994
	877	331	1031.3100000000002
	877	461	889.7599999999994
	877	876	437.6199999999999
	877	878	269.15431423544146
	877	880	78.4556857645586
	878	332	586.0299999999997
	878	855	166.37259348300537
	878	875	507.92740651699387
	878	877	352.0999999999998
	878	881	200.1943142354414
	879	333	31.760000000000005
	879	876	80.63999999999999
	879	880	26.110000000000007
	879	882	11.040000000000001
	880	334	73.46
	880	877	326.42000000000047
	880	879	18.260000000000005
	880	881	64.6056857645586
	880	883	34.32
	881	335	448.81999999999994
	881	465	534.3599999999984
	881	878	220.76
	881	880	137.76
	881	884	102.53000000000003
	882	336	26.390000000000004
	882	879	29.82
	882	883	27.43
	883	337	37.599999999999994
	883	464	69.16000000000004
	883	880	98.62000000000002
	883	882	15.349999999999998
	884	338	143.54000000000008
	884	464	68.61000000000003
	884	881	252.29999999999993
	884	889	22.05
	885	339	51.130000000000024
	885	445	145.34025108056468
	885	857	87.5900000035478
	885	863	210.22853183679703
	885	892	219.9700000000007
	886	340	282.26
	886	445	699.1924758739187
	886	858	205.08999999467545
	886	887	103.95999999999997
	886	892	715.91
	887	341	30.77
	887	859	115.0000000000001
	887	886	263.9700000000001
	887	888	78.03999999999999
	887	893	47.88999999999999
	888	342	137.61
	888	860	231.46999999999997
	888	861	91.12999999999998
	888	887	120.6357992995979
	888	894	43.1
	888	910	72.33999999999999
	889	343	75.4
	889	862	173.57000000000016
	889	884	22.240000000000002
	889	895	62.46999999999999
	890	344	51.089999999999996
	890	863	132.34811960519994
	890	891	272.94665144199706
	890	896	14.74
	891	345	233.33999999999997
	891	890	102.32811960519969
	891	896	34.10000000000001
	891	897	870.0499999999998
	891	899	81.56
	892	346	2215.79
	892	885	172.51665144199677
	892	886	635.7524758721433
	892	897	1541.7808726858611
	893	347	149.59
	893	887	204.81420070040232
	893	894	229.77999999999992
	893	898	278.79999999999984
	893	901	35.319999999999986
	894	348	137.13
	894	888	179.83579929959794
	894	893	202.91420070040215
	894	910	255.83000000000007
	895	349	66.25999999999998
	895	889	83.16000000000001
	895	896	103.38000000000005
	896	350	79.35000000000002
	896	890	15.009999999999994
	896	891	229.78
	896	895	43.129999999999995
	896	899	31.70999999999998
	897	351	3432.8900000000003
	897	443	491.7600000000003
	897	891	190.81358804634039
	897	892	1279.9100000000012
	897	899	44.400000000000006
	898	352	382.5900000000001
	898	442	320.535435583757
	898	443	617.1045644162417
	898	893	220.64999999999998
	898	900	94.08000000000003
	899	353	130.69
	899	442	122.45999999999992
	899	891	68.74788011686259
	899	896	26.650000000000006
	899	897	405.1974281001291
	900	354	92.06000000000003
	900	898	319.23
	900	901	50.800000000000004
	901	355	86.11999999999996
	901	893	90.62999999999998
	901	900	123.53999999999999
	902	356	17118.240000000013
	902	513	1503.4875555704011
	902	541	2007.75905585977
	902	542	3522.283850865164
	902	660	4097.298647674333
	902	661	2510.6003559620226
	902	670	479.2582376024101
	903	357	9556.229999999996
	903	514	2010.5122964658713
	903	516	1970.0799999999995
	903	542	7722.857115850555
	903	543	341.88287017116187
	903	544	1415.1946716331468
	904	358	3134.0899999999992
	904	544	2886.4799999999987
	904	906	1225.8699999999997
	905	359	3846.2200000000003
	905	513	2372.7408710372065
	905	514	1089.34
	905	670	730.9261889558849
	905	854	631.0029400068994
	905	906	1357.7300000000005
	905	907	502.9200000000001
	906	360	5174.669999999999
	906	516	2201.8499999999995
	906	904	1114.0400000000004
	906	905	941.9099999999999
	906	908	810.5499999999998
	906	909	55.0
	906	931	104.0
	907	361	434.76000000000005
	907	854	596.5799999999197
	907	861	511.1400000000001
	907	905	1000.2100000000003
	907	908	768.3399999999995
	907	910	87.10999999999999
	908	362	2077.7200000000003
	908	517	687.7899999999997
	908	906	1539.6600000000003
	908	907	1081.4599999999994
	908	911	221.92000000000002
	908	912	0.0
	909	363	197.42
	909	517	342.12
	909	906	210.29999999999998
	909	912	5.1
	910	364	217.00000000000003
	910	861	115.24000000007871
	910	888	79.1
	910	894	129.3
	910	907	315.8499999999208
	910	911	461.8499999999999
	911	365	582.8599999999999
	911	518	292.5300000000001
	911	908	539.63
	911	910	324.98
	912	366	74.07
	912	518	181.01
	912	908	0.0
	912	909	6.49
	913	367	1397.6299999999987
	913	417	1245.3643126463821
	913	708	154.89
	913	714	233.88000000000005
	913	720	499.09999999999985
	913	726	418.9600000000001
	913	801	103.13000000000002
	913	864	0.0
	914	368	1800.0200000000002
	914	389	328.66999999999973
	914	780	158.02999999999992
	914	785	171.12
	914	793	573.2899999999998
	914	915	14.629999999999999
	915	369	127.47999999999999
	915	914	112.61000000000003
	915	916	197.06000000000006
	916	370	223.55999999999995
	916	780	382.65000000000015
	916	915	112.85
	916	917	341.51999999999987
	917	371	232.21000000000004
	917	781	245.52000000000004
	917	782	493.73999999999967
	917	916	133.71
	917	918	128.72000000000003
	918	372	228.82
	918	782	128.85999999999993
	918	783	229.20320957183375
	918	917	94.66999999999999
	918	919	269.7167904281662
	919	373	580.45
	919	783	637.5340620599334
	919	784	435.06679042816575
	919	918	118.49000000000001
	919	920	810.5199999999998
	919	924	148.0
	920	374	554.02
	920	738	293.7199999999999
	920	740	640.8899999999987
	920	919	491.94406205993494
	920	921	964.5400000000006
	921	375	505.09000000000003
	921	418	1339.9440877977374
	921	739	778.5539814533631
	921	743	500.4959122022667
	921	920	340.78406205993485
	922	376	3383.120000000002
	922	418	2474.3757398943126
	922	743	1091.5678113742156
	922	744	1995.346448731476
	923	377	1517.0
	923	418	1661.0
	924	378	148.0
	924	919	189.0
	925	379	1413.0
	925	390	1280.0
	926	380	371.0
	926	417	484.0
	927	381	1569.0
	927	462	1903.0
	928	382	1728.0
	928	463	1555.0
	929	383	653.0
	929	442	724.0
	930	384	0.0
	930	518	0.0
	931	385	104.0
	931	906	157.0
	932	386	25.0
	932	515	22.0
	933	387	5468.0
	933	534	5837.0
