    76      0       99
    1      2       0.00809168
    1      3       0.0383019
    2      1       0.00817526
    2      6       2.86018
    3      1       0.0380354
    3      4       0.788029
    3      12       0.100743
    4      3       0.783163
    4      5       0.443258
    4      11       2.54254
    5      4       0.449737
    5      6       2.87502
    5      9       7.33393
    6      2       2.89421
    6      5       2.90778
    6      8       15.5421
    7      8       4.43191
    7      18       0.0852168
    8      6       15.7383
    8      7       4.36743
    8      9       9.06804
    8      16       5.59618
    9      5       7.41805
    9      8       8.92321
    9      10       3.23132
    10      9       3.30187
    10      11       8.37901
    10      15       9.64995
    10      16       17.2752
    10      17       11.0977
    11      4       2.55065
    11      10       8.22597
    11      12       5.35455
    11      14       10.1237
    12      3       0.100954
    12      11       5.35153
    12      13       0.0699563
    13      12       0.071893
    13      24       13.2179
    14      11       10.2337
    14      15       8.23224
    14      23       4.11421
    15      10       9.74746
    15      14       8.37274
    15      19       1.42291
    15      22       4.34991
    16      8       5.65625
    16      10       17.4137
    16      17       6.07243
    16      18       0.418108
    17      10       11.1935
    17      16       6.0339
    17      19       3.09047
    18      7       0.0862349
    18      16       0.423536
    18      20       0.440649
    19      15       1.42695
    19      17       3.09204
    19      20       6.58105
    20      18       0.441344
    20      19       6.62415
    20      21       2.69415
    20      22       3.47898
    21      20       2.62004
    21      22       1.91031
    21      24       8.87864
    22      15       4.33211
    22      20       3.41405
    22      21       1.91948
    22      23       8.61704
    23      14       4.08781
    23      22       8.46794
    23      24       1.94108
    24      13       13.2502
    24      21       8.68634
    24      23       1.88871
